100
-12 21
-20 21
-45 2
-30 4
-33 -24
-6 43
-13 -1
-42 -7
-7 32
43 47
46 49
-47 44
-38 18
-30 20
29 34
38 39
-32 -26
32 40
-46 5
-5 39
32 41
-2 16
-12 33
-4 7
22 27
33 39
-27 -17
22 38
21 42
-17 -11
-19 24
11 31
39 48
43 46
-33 -18
-19 30
-15 49
22 29
-29 21
-18 26
49 49
9 38
13 41
-33 30
44 46
-5 41
-29 18
-13 14
26 28
37 37
31 39
-37 -32
-13 42
41 42
-36 -23
-27 28
-32 -8
5 12
-45 -7
-39 42
-19 37
-32 -9
-7 1
-39 -2
-7 32
29 39
-2 28
-5 12
31 48
49 49
-47 -36
-21 21
21 41
45 48
46 47
49 49
42 43
44 47
-40 10
1 7
-16 26
44 48
-47 14
-13 12
31 47
13 31
27 34
31 36
5 16
18 29
-32 9
48 48
44 46
-42 -22
8 33
-23 27
8 13
-38 49
-47 -13
-33 47
