100
45 81
59 35
142 37
223 217
59 169
62 84
228 133
295 252
208 234
118 240
175 134
215 195
5 185
161 25
293 68
62 298
172 120
259 127
31 78
14 2
37 292
142 187
290 34
274 151
113 201
120 263
245 236
44 0
167 62
233 134
141 147
147 126
37 118
218 57
75 114
226 193
65 268
63 262
26 4
187 17
225 100
258 208
115 213
125 195
254 147
242 265
235 51
126 190
6 15
180 55
136 58
190 254
42 24
270 200
44 4
247 140
140 5
39 154
5 98
75 184
278 185
149 276
227 17
149 166
202 282
147 51
289 102
11 294
63 226
62 258
104 178
73 20
19 225
256 42
147 214
21 248
23 192
229 86
285 69
205 279
220 68
104 200
62 129
101 0
162 104
200 182
183 294
194 100
120 207
161 175
61 239
196 14
1 251
254 7
58 115
92 292
154 254
2 219
59 141
47 4
